101
5212
18457
21531
89173
95061
100546
117277
126506
133070
140796
171088
174068
175012
176230
180541
202363
210013
233368
238336
241874
268981
289384
297540
313751
336328
344044
348095
353896
368691
377374
383427
392755
393585
413785
420926
426809
455737
465783
477085
478043
484422
490028
497282
502652
513927
513930
515435
516650
520060
544920
549677
566414
575199
594325
595369
612400
616125
621730
634023
636227
636916
641422
660337
661314
664371
665124
692778
695789
698587
702306
702568
703136
705404
722863
723059
747794
750847
759957
760493
776092
798316
803527
806863
819583
885387
897764
898168
898538
898815
906997
925858
930887
947179
947740
956430
961394
979803
990365
993369
999171
999933
600
82
570
682
2246
2905
3034
3494
12498
14413
20128
23312
26305
27285
28625
31327
31537
32173
32461
33003
33334
34946
35022
35218
35326
35569
36030
36160
39022
40744
41806
43325
44600
44879
47642
48830
51529
53145
54082
56553
56857
58026
59480
60029
60050
65819
66250
66602
67918
73851
73941
77376
77889
79445
85274
86991
87765
89413
89439
90429
92623
97468
100238
101840
102830
103349
104340
107206
108118
108582
110198
110700
114614
116467
118607
120710
122847
124031
125850
127829
132003
132134
133590
138378
142619
144501
145551
148366
149315
151433
152275
152960
153276
154260
158661
160359
160380
165194
166343
167638
171693
172262
174233
178737
179498
186594
187191
187517
192380
193513
195747
196432
198988
199760
202901
204347
204917
205058
206726
207673
209189
209442
210499
211389
213259
214678
217463
218005
218594
219757
222843
223206
226058
226341
228024
228445
228459
228795
228805
229321
229905
231012
235129
235190
235380
238047
241082
243556
245976
247256
247687
248627
251747
252997
253415
254587
255764
256191
258271
259471
260290
260757
261797
262010
262755
266749
266762
267606
268140
272814
273304
275570
275857
276122
276966
278051
278612
279208
280525
281937
282135
288820
290072
294893
295500
298286
298491
299905
300607
301040
302648
305625
306641
308543
308903
311575
311706
316438
318777
319302
319530
319848
321649
321802
322228
322405
324177
324915
325579
326718
327685
327815
328206
332872
334472
335929
338083
340714
343769
344819
346229
346492
346620
348143
349615
352299
354341
355116
356621
359232
363369
365085
366144
367819
370164
371156
372232
372261
373744
376349
376883
379108
383304
385645
387982
388028
388465
390359
390869
391522
392293
393741
401256
401948
402337
406220
407972
408283
409118
409504
412925
413174
415776
416950
418419
418628
419380
421245
421994
422091
425662
429690
433453
433484
436841
436874
439215
441501
442063
443377
445885
448037
451660
452552
453827
455307
456683
457754
462952
466997
467588
468859
469787
469842
469912
470125
473060
473417
473731
473789
474763
478180
480571
485055
486716
487132
487771
493452
495344
495368
495426
495995
498339
499337
502216
502955
503466
504235
504293
504795
505237
505364
512184
513971
514501
516128
517446
517568
517722
518150
518158
518809
518945
519126
519219
519935
522536
524567
526310
528947
530020
530127
532037
532291
533460
537765
539391
539863
541313
543922
544919
548900
549798
550254
550271
552806
553542
554099
558441
558956
560281
561887
563292
565101
565985
569918
570493
571044
573318
573623
573794
575322
575580
576336
582339
585796
586709
588712
590965
591101
593094
593500
593615
597489
602423
602727
606043
608873
610538
612903
613203
613811
613997
614031
614770
617506
617648
618997
620484
625211
631234
631492
631627
633075
633418
634995
636430
639530
645631
645730
647626
648519
648523
649158
651435
653517
655341
657200
658391
661238
663951
667373
668364
668851
669180
670689
673169
675106
679293
679568
681096
684931
686249
688210
689773
690361
690369
690614
692686
697698
697714
698928
700724
703730
704568
706888
707557
709860
710098
710874
713774
717989
720091
720505
721861
723507
723619
724287
726313
727089
730691
734714
738098
739300
739669
740050
740085
741223
744730
745792
746140
747797
755423
755591
755630
755937
756971
757035
759356
761153
763921
764525
770479
772758
772891
777561
777857
781487
783899
784813
785405
788356
789225
789529
790418
792351
794396
796158
797370
799052
799632
801962
803075
804290
805733
806356
806368
806404
808934
810564
811128
811306
811973
819081
821397
826608
828203
828994
829151
830858
834482
844823
845895
849959
850544
854539
855543
858700
858970
864820
867270
867622
870461
872354
876983
878207
885239
887344
888229
888575
889745
890676
892922
893530
894429
894978
895152
895437
899229
900974
901475
902022
903178
903191
903882
905386
905772
907670
908236
908539
909611
910254
911341
911900
915668
925434
926653
933682
936785
936988
937733
939508
939812
942591
947387
947469
949300
949909
952927
953866
955940
956043
958032
959709
960379
961683
962505
962601
964444
964684
966190
967638
974581
975408
981777
984858
987744
990784
996659
997302
999755
