100
16808
2475250
2650074
4943659
4108931
211273
1027545
7850879
8777924
7237710
3564441
5438166
4484493
4243043
4807988
7522504
1282328
6531730
3378841
3542613
6544304
4833170
4817710
8097158
7129561
1570934
7493100
4280279
3351817
5795336
4899098
6807827
3613513
1929268
723811
4877634
8580980
4379150
8236580
4558822
511968
10673
1901394
7819337
9125486
6091746
6425229
9894092
5640195
7186358
6035002
5921154
616709
357945
1515669
7571491
4788125
7702197
2509531
60904
2727723
3454667
8728550
5118025
8797802
806854
1540978
4847409
5308229
8374934
5260299
4938982
5028636
2408014
7623866
7389815
739064
7554537
5339426
4001670
7724116
9220095
4075630
8446502
4546518
1934196
1030106
7810405
6319452
8194299
782189
7821124
3799506
2246883
9406753
6731567
4936717
7130338
8354439
2053145
