100
10673
16808
60904
211273
357945
511968
616709
723811
739064
782189
806854
1027545
1030106
1282328
1515669
1540978
1570934
1901394
1929268
1934196
2053145
2246883
2408014
2475250
2509531
2650074
2727723
3351817
3378841
3454667
3542613
3564441
3613513
3799506
4001670
4075630
4108931
4243043
4280279
4379150
4484493
4546518
4558822
4788125
4807988
4817710
4833170
4847409
4877634
4899098
4936717
4938982
4943659
5028636
5118025
5260299
5308229
5339426
5438166
5640195
5795336
5921154
6035002
6091746
6319452
6425229
6531730
6544304
6731567
6807827
7129561
7130338
7186358
7237710
7389815
7493100
7522504
7554537
7571491
7623866
7702197
7724116
7810405
7819337
7821124
7850879
8097158
8194299
8236580
8354439
8374934
8446502
8580980
8728550
8777924
8797802
9125486
9220095
9406753
9894092
